space 00
y 01000
m 01001
l 01010
x 010110000
N 010110001
" 01011001
f 0101101
, 010111
u 01100
d 01101
w 01110
v 01111000
; 01111001
M 011110100
) 011110101
A 011110110
- 011110111
g 011111
a 1000
r 10010
c 10011
s 1010
h 10110
. 1011100
I 1011101
b 10111100
S 10111101
p 1011111
n 1100
i 1101
t 1110
o 1111
----------------------------------------
010110001 1111 01110 010111 00 1100 1000 1110 01100 10010 1000 01010 01010 01000 010111 00 1101 1100 00 01110 10010 1101 1110 1101 1100 011111 00 1010 01100 10011 10110 00 1000 00 1010 1110 1111 10010 01000 00 1000 1010 00 1110 10110 1101 1010 010111 00 01110 1101 1110 10110 00 1101 1110 1010 00 10011 1111 1100 01101 1101 1110 1101 1111 1100 1010 00 1000 1010 00 01010 1000 1101 01101 00 01101 1111 01110 1100 00 1101 1100 00 1101 1110 1010 00 1011101 1100 1110 10010 1111 01101 01100 10011 1110 1101 1111 1100 010111 00 1101 1110 00 1101 1010 00 1100 1111 1110 00 1010 01100 10010 1011111 10010 1101 1010 1101 1100 011111 00 1110 10110 1000 1110 00 1000 1100 00 1111 10011 10011 1000 1010 1101 1111 1100 1000 01010 00 01011001 10010 1111 01100 011111 10110 00 1010 1011111 1111 1110 01011001 00 1101 1100 00 10011 1111 01001 1011111 1111 1010 1101 1110 1101 1111 1100 00 1101 1010 00 0101101 1111 01100 1100 01101 1011100 00 10111101 1111 00 1011101 00 1110 10010 01100 1010 1110 00 1110 10110 1000 1110 00 1000 00 10011 10010 1101 1110 1101 10011 1000 01010 00 1011111 01100 10111100 01010 1101 10011 00 01110 1101 01010 01010 00 10110 1111 01010 01101 00 10011 1111 1100 1010 1110 1000 1100 1110 01010 01000 00 1101 1100 00 01001 1101 1100 01101 00 1110 10110 1000 1110 00 1011101 00 1000 01001 00 01111000 1111 01010 01100 1100 1110 1000 10010 1101 01010 01000 00 1000 01111000 1111 1101 01101 1101 1100 011111 00 01110 1111 10010 01101 1010 00 10011 1111 1100 1110 1000 1101 1100 1101 1100 011111 00 1110 10110 1000 1110 00 1010 01000 01001 10111100 1111 01010 00 01110 10110 1101 10011 10110 00 1101 1010 010111 00 10111100 01000 00 0101101 1000 10010 010111 00 1111 0101101 00 01001 1111 1010 1110 00 10011 1111 01001 01001 1111 1100 00 1101 1100 10011 01010 01100 1010 1101 1111 1100 00 1101 1100 00 01110 10010 1101 1110 1101 1100 011111 00 1111 01100 10010 00 011110110 1100 011111 01010 1111 011110111 10111101 1000 010110000 1111 1100 00 1000 1010 00 1101 1110 00 1101 1010 010111 00 1110 1111 01101 1000 01000 1011100 00 011110100 1000 1100 01000 00 1111 0101101 00 1111 01100 10010 00 01001 1111 1010 1110 00 10011 1111 01001 01001 1111 1100 00 01110 1111 10010 01101 1010 00 10011 1000 1100 1100 1111 1110 00 1010 10110 1111 01110 01111001 00 1010 1111 00 1011101 00 01001 01100 1010 1110 00 1000 01101 1111 1011111 1110 00 1010 01000 1100 1111 1100 01000 01001 1010 01111001 00 1000 1100 01101 00 1010 1111 00 1110 01110 1101 1010 1110 00 1000 00 1110 10110 1111 01100 011111 10110 1110 00 1000 10010 1111 01100 1100 01101 00 1000 1010 00 1110 1111 00 1010 1000 01000 00 01110 10110 1000 1110 00 1011101 00 01110 1101 1010 10110 00 01110 1101 1110 10110 00 1000 1010 00 01001 01100 10011 10110 00 10011 01010 1000 10010 1101 1110 01000 00 1000 1010 00 1011101 00 10011 1000 1100 1011100 011110101 00 10111101 1111 010111 00 1100 1111 01110 00 1110 1111 00 011111 1111 00 1111 1100 00 01110 1101 1110 10110 00 1110 10110 1101 1010 00 1111 01101 01101 00 10011 1111 1100 1110 10010 1000 1011111 1110 1101 1111 1100 1011100 1011100 1011100 
----------------------------------------
There are a total of 589 symbols that are encoded.
There are 33 distinct symbols used.
There were 4712 bits in the original file.
There were 2466 bits in the compressed file.
This gives a compression ratio of 1.91079.
This cost of the Huffman tree is 4.18676 bits per character.
